0         0    0.5625
     0         0    0.6172
     0         0    0.6719
     0         0    0.7266
     0         0    0.7813
     0         0    0.8359
     0         0    0.8906
     0         0    0.9453
     0         0    1.0000
     0    0.0547    1.0000
     0    0.1094    1.0000
     0    0.1641    1.0000
     0    0.2188    1.0000
     0    0.2734    1.0000
     0    0.3281    1.0000
     0    0.3828    1.0000
     0    0.4375    1.0000
     0    0.4922    1.0000
     0    0.5469    1.0000
     0    0.6016    1.0000
     0    0.6563    1.0000
     0    0.7109    1.0000
     0    0.7656    1.0000
     0    0.8203    1.0000
     0    0.8750    1.0000
     0    0.9297    1.0000
     0    0.9844    1.0000
0.0391    1.0000    0.9609
0.0938    1.0000    0.9063
0.1484    1.0000    0.8516
0.2031    1.0000    0.7969
0.2578    1.0000    0.7422
0.3125    1.0000    0.6875
0.3672    1.0000    0.6328
0.4219    1.0000    0.5781
0.4766    1.0000    0.5234
0.5313    1.0000    0.4688
0.5859    1.0000    0.4141
0.6406    1.0000    0.3594
0.6953    1.0000    0.3047
0.7500    1.0000    0.2500
0.8047    1.0000    0.1953
0.8594    1.0000    0.1406
0.9141    1.0000    0.0859
0.9688    1.0000    0.0313
1.0000    0.9766         0
1.0000    0.9219         0
1.0000    0.8672         0
1.0000    0.8125         0
1.0000    0.7578         0
1.0000    0.7031         0
1.0000    0.6484         0
1.0000    0.5938         0
1.0000    0.5391         0
1.0000    0.4844         0
1.0000    0.4297         0
1.0000    0.3750         0
1.0000    0.3203         0
1.0000    0.2656         0
1.0000    0.2109         0
1.0000    0.1563         0
1.0000    0.1016         0
1.0000    0.0469         0